868
658
524
523
951
663
185
924
599
25
408
321
881
928
548
774
451
291
861
31
872
211
894
777
167
726
323
422
275
200
21
484
604
739
382
78
139
182
503
96
634
365
627
167
263
573
380
597
728
284
715
133
237
631
162
473
931
223
921
218
347
346
572
89
211
894
725
25
425
758
664
46
399
831
204
547
994
221
252
64
195
756
280
373
318
351
790
235
964
368
86
993
185
671
126
690
289
657
22
411
537
207
783
7
510
152
240
491
289
535
680
922
720
709
640
741
926
31
453
170
936
729
620
464
749
338
785
502
429
931
149
482
834
293
408
216
414
61
927
862
87
825
681
752
606
165
672
337
963
573
915
183
326
307
831
374
719
230
840
648
165
852
226
66
283
870
890
67
402
710
447
296
95
755
207
682
665
150
9
871
517
383
519
259
549
77
563
553
652
779
322
5
168
897
699
192
685
274
1
521
863
351
124
393
77
293
821
360
539
931
249
413
221
889
932
998
345
792
469
230
401
44
812
296
691
246
685
973
155
967
801
762
796
250
822
155
392
920
634
173
268
503
418
397
855
308
136
394
413
30
536
599
780
41
494
440
269
388
550
727
848
424
757
103
568
867
592
670
786
82
481
717
115
318
686
869
195
660
676
871
290
489
855
632
477
320
462
141
660
989
753
352
939
280
111
146
922
278
576
58
431
895
354
516
636
279
321
989
118
39
145
561
489
536
654
139
221
800
276
734
47
996
929
957
845
717
498
188
237
841
151
652
217
95
80
992
1
969
909
783
954
128
937
837
881
6
563
88
197
840
763
284
481
997
227
736
710
106
814
877
35
129
335
442
289
249
254
686
564
136
811
141
89
961
231
100
331
250
146
163
709
573
82
924
575
838
899
91
126
903
335
120
742
96
430
761
839
202
421
726
687
435
877
74
819
947
241
804
579
432
670
579
98
486
20
457
458
477
132
11
114
785
85
242
695
501
926
223
147
787
502
546
811
406
404
206
446
133
705
745
373
74
134
148
903
246
553
193
961
95
140
699
351
46
453
390
404
583
647
913
868
777
479
860
774
714
355
534
641
718
631
587
858
861
539
587
280
781
651
51
73
460
498
443
648
236
61
193
54
980
154
824
575
86
323
876
386
630
816
424
37
825
286
650
205
681
415
88
666
606
333
898
632
535
729
747
676
53
886
668
272
907
390
548
546
227
177
769
249
772
707
861
85
514
445
937
496
929
597
126
694
409
972
147
270
336
144
707
943
484
623
377
129
575
583
210
809
17
785
402
828
85
747
954
161
49
879
422
857
50
244
526
355
872
853
602
614
48
923
632
26
201
306
836
405
864
397
663
425
526
172
292
771
82
666
684
909
415
103
575
845
342
118
774
418
756
975
551
729
380
457
924
42
195
175
169
91
248
324
919
35
285
577
834
483
323
663
906
854
87
363
151
79
998
109
583
92
226
110
109
815
179
935
204
383
674
796
17
153
967
341
843
646
741
631
765
948
154
122
601
247
41
884
219
125
408
5
705
941
434
109
818
154
287
177
688
686
203
428
697
539
449
806
90
671
957
791
891
794
693
574
374
169
25
364
444
626
706
521
993
52
345
453
488
305
654
725
808
66
94
639
607
438
982
608
292
221
570
17
50
622
62
904
208
887
77
711
621
693
568
569
719
444
818
63
293
551
700
175
98
590
48
178
882
789
641
566
497
644
992
705
336
573
878
819
463
452
285
42
453
532
258
788
131
741
933
356
112
597
918
770
308
8
47
92
305
37
455
79
861
315
867
868
566
150
981
555
128
556
812
926
591
333
929
312
274
79
573
548
132
512
744
233
790
728
498
93
462
148
835
25
580
675
773
563
3
289
425
844
322
630
154
872
909
399
167
800
46
279
250
210
683
929
659
855
118
45
620
175
148
860
244
911
85
526
177
577
323
681
713
120
45
201
663
78
38
533
792
708
517
254
186
75
342
491
556
831
968
615
88
486
28
199
122
272
476
562
640
354
835
344
277
986
179
490
313
421
150
672
906
811
490
681
644
93
268
545
346
849
240
188
927
444
538
234
55
320
211
168
268
176
951
442
222
923
736
267
713
701
989
769
187
983
315
911
501
738
806
91
818
923
436
583
649
104
51
84
202
843
48
454
419
596
908
359
302
252
365
956
377
134
155
926
442
216
952
137
83
560
325
975
754
485
287
913
647
778
276
183
966
359
230
550
657
117
733
18
164
349
98
982
237
95
633
782
402
898
287
808
244
996
318
341
284
718
627
67
837
904
919
